Unknown 0.083
0 0.083
E7 0.083
0 0.083
0 0.083
0 0.083
E7 0.083
0 0.083
0 0.083
0 0.083
C7 0.083
0 0.083
E7 0.083
0 0.083
0 0.083
0 0.083
G7 0.083
0 0.083
0 0.083
0 0.083
0 0.083
0 0.083
0 0.083
0 0.083
G6 0.083
0 0.083
0 0.083
0 0.083
0 0.083
0 0.083
0 0.083
0 0.083
C7 0.083
0 0.083
0 0.083
0 0.083
0 0.083
0 0.083
G6 0.083
0 0.083
0 0.083
0 0.083
0 0.083
0 0.083
E6 0.083
0 0.083
0 0.083
0 0.083
0 0.083
0 0.083
A6 0.083
0 0.083
0 0.083
0 0.083
B6 0.083
0 0.083
0 0.083
0 0.083
A#6 0.083
0 0.083
A6 0.083
0 0.083
0 0.083
0 0.083
G6 0.111
0 0.111
E7 0.111
0 0.111
G7 0.111
0 0.111
A7 0.083
0 0.083
0 0.083
0 0.083
F7 0.083
0 0.083
G7 0.083
0 0.083
0 0.083
0 0.083
E7 0.083
0 0.083
0 0.083
0 0.083
0 0.166
0 0.166
C7 0.083
0 0.083
D7 0.083
0 0.083
B6 0.083
0 0.083
0 0.083
0 0.083
0 0.083
0 0.083
C7 0.083
0 0.083
0 0.083
0 0.083
0 0.083
0 0.083
G6 0.083
0 0.083
0 0.083
0 0.083
0 0.083
0 0.083
E6 0.083
0 0.083
0 0.083
0 0.083
0 0.083
0 0.083
A6 0.083
0 0.083
0 0.083
0 0.083
B6 0.083
0 0.083
0 0.083
0 0.083
A#6 0.083
0 0.083
A6 0.083
0 0.083
0 0.083
0 0.083
G6 0.111
0 0.111
E7 0.111
0 0.111
G7 0.111
0 0.111
A7 0.083
0 0.083
0 0.083
0 0.083
F7 0.083
0 0.083
G7 0.083
0 0.083
0 0.083
0 0.083
E7 0.083
0 0.083
0 0.083
0 0.083
C7 0.083
0 0.083
D7 0.083
0 0.083
B6 0.083
0 0.083
0 0.083
0 0.083
0 0.083
0 0.083
0 0.000