A#1 0.125
0 0.1625
A#1 0.125
0 0.1625
A#1 0.125
0 0.1625
F2 0.25
0 0.325
C2 0.125
0 0.1625
A#2 0.25
0 0.325
A2 0.25
0 0.325
G2 0.125
0 0.1625
F1 0.0625
0 0.08125
C1 0.25
0 0.325
A#2 0.25
0 0.325
A2 0.25
0 0.325
G2 0.125
0 0.1625
F1 0.0625
0 0.08125
C1 0.25
0 0.325
A#2 0.25
0 0.325
A2 0.25
0 0.325
G2 0.125
0 0.1625
F1 0.0625
0 0.08125
C1 0.25
0 0.325
A#2 0.25
0 0.325
A2 0.25
0 0.325
A#2 0.25
0 0.325
G2 0.25
0 0.325
C1 0.25
0 0.325
C1 0.25
0 0.325
C1 0.25
0 0.325
F2 0.25
0 0.325
C2 0.125
0 0.1625
A#2 0.25
0 0.325
A2 0.25
0 0.325
G2 0.125
0 0.1625
F1 0.0625
0 0.08125
C1 0.25
0 0.325
A#2 0.25
0 0.325
A2 0.25
0 0.325
G2 0.125
0 0.1625
F1 0.0625
0 0.08125
C1 0.25
0 0.325
A#2 0.25
0 0.325
A2 0.25
0 0.325